map grotte
size 39 27
music grotte
layer 0
1440,1440,1440,1440,1440,1440,1440,1440,1440,1440,1440,1440,1440,1440,1440,1440,1440,1440,1440,1440,1440,1440,1440,1440,1440,1440,1440,1440,1440,1440,1440,1440,1440,1440,1440,1440,1440,1440,1440
1440,1440,1440,1440,1440,1440,1440,1440,1440,1440,1440,1440,1440,1440,1440,1440,1440,1440,1440,1440,1440,1440,1440,1440,1440,1440,1440,1440,1440,1440,1440,1440,1440,1440,1440,1440,1440,1440,1440
1562,1562,1562,1562,1562,1562,1562,1562,1440,1440,1440,1440,1440,1440,1440,1440,1440,1440,1440,1440,1440,1440,1440,1440,1440,1440,1440,1440,1440,1440,1440,1440,1440,1440,1440,1440,1440,1440,1440
1602,1602,1602,1602,1602,1602,1602,1562,1562,1562,1562,1562,1562,1440,1440,1440,1440,1440,1440,1440,1440,1440,1440,1440,1440,1440,1440,1440,1440,1440,1440,1440,1440,1440,1440,1440,1440,1440,1440
1642,1642,1642,1642,1642,1642,1642,1602,1602,1602,1602,1602,1562,1562,1440,1440,1440,1440,1440,1440,1440,1440,1440,1440,1440,1440,1440,1440,1440,1440,1440,1440,1440,1440,1440,1440,1440,1440,1440
1440,1440,1440,1440,1440,1440,1440,1642,1642,1642,1642,1642,1602,1562,1562,1440,1440,1440,1440,1440,1440,1440,1440,1440,1440,1440,1440,1440,1440,1562,1562,1562,1562,1562,1562,1562,1562,1562,1440
1440,1440,1440,1440,1440,1440,1440,1440,1440,1440,1440,1440,1642,1602,1562,1562,1440,1440,1440,1440,1440,1440,1440,1440,1440,1440,1440,1440,1562,1602,1602,1602,1602,1602,1602,1602,1602,1602,1562
1440,1440,1440,1440,1440,1440,1440,1440,1440,1440,1440,1440,1440,1642,1602,1562,1562,1440,1440,1440,1440,1440,1440,1440,1440,1440,1440,1562,1602,1642,1642,1642,1642,1642,1642,1642,1642,1642,1602
1440,1440,1440,1440,1440,1440,1440,1440,1440,1440,1440,1440,1440,1440,1642,1602,1562,1562,1562,1440,1440,1440,1440,1440,1440,1440,1440,1602,1642,1440,1440,1440,1440,1440,1440,1440,1440,1440,1642
1440,1440,1440,1440,1440,1440,1440,1440,1440,1440,1440,1440,1440,1440,1440,1642,1602,1602,1562,1562,1440,1440,1440,1440,1440,1440,1562,1642,1440,1440,1440,1440,1440,1440,1440,1440,1440,1440,1440
1440,1440,1440,1440,1440,1440,1440,1440,1440,1440,1440,1440,1440,1440,1440,1440,1642,1642,1602,1602,1562,1562,1562,1562,1562,1562,1602,1440,1440,1440,1440,1440,1440,1440,1440,1440,1440,1440,1440
1440,1440,1440,1440,1440,1440,1440,1440,1440,1440,1440,1440,1440,1440,1440,1440,1440,1440,1642,1642,1602,1603,1440,1440,1601,1602,1642,1440,1440,1440,1440,1440,1440,1440,1440,1440,1440,1440,1440
1440,1440,1440,1440,1440,1440,1440,1440,1440,1440,1440,1440,1440,1440,1440,1440,1440,1440,1440,1440,1642,1603,1440,1440,1601,1642,1440,1440,1440,1440,1440,1440,1440,1440,1440,1440,1440,1440,1440
1440,1440,1440,1440,1440,1440,1440,1440,1440,1440,1440,1440,1440,1567,1567,1440,1440,1440,1440,1440,1440,1440,1440,1440,1440,1440,1440,1440,1440,1440,1440,1440,1440,1440,1440,1440,1440,1440,1440
1440,1440,1440,1440,1440,1440,1440,1440,1440,1440,1440,1440,1440,1440,1440,1440,1440,1440,1440,1440,1440,1440,1440,1440,1440,1440,1440,1440,1440,1440,1440,1440,1440,1440,1440,1440,1440,1440,1440
1440,1440,1440,1440,1440,1440,1440,1440,1440,1440,1440,1440,1440,1440,1440,1440,1440,1440,1440,1440,1440,1440,1440,1440,1440,1440,1440,1440,1440,1440,1440,1440,1440,1440,1440,1440,1440,1440,1440
1440,1440,1440,1440,1440,1440,1440,1440,1440,1440,1440,1440,1567,1567,1567,1440,1440,1440,1440,1440,1440,1440,1440,1440,1440,1440,1440,1440,1440,1440,1440,1440,1440,1440,1440,1440,1440,1440,1440
1440,1440,1440,1440,1440,1440,1440,1440,1440,1440,1440,1440,1567,1567,1567,1567,1440,1440,1440,1440,1440,1440,1440,1440,1440,1440,1440,1440,1440,1440,1440,1440,1440,1440,1440,1440,1440,1440,1440
1440,1440,1440,1440,1440,1440,1440,1440,1440,1440,1440,1440,1567,1567,1567,1440,1440,1440,1440,1440,1440,1440,1440,1440,1440,1440,1440,1440,1440,1440,1440,1440,1440,1440,1440,1440,1440,1440,1440
1440,1440,1440,1440,1440,1440,1440,1440,1440,1440,1440,1440,1440,1440,1440,1440,1440,1440,1440,1440,1440,1440,1440,1440,1440,1440,1440,1440,1440,1440,1440,1440,1440,1440,1440,1440,1440,1440,1440
1440,1440,1440,1440,1440,1440,1440,1440,1440,1440,1440,1440,1440,1440,1440,1440,1440,1440,1440,1440,1440,1440,1440,1440,1440,1440,1440,1440,1440,1440,1440,1440,1440,1440,1440,1440,1440,1440,1440
1440,1440,1440,1440,1440,1440,1440,1440,1440,1440,1440,1440,1440,1440,1440,1440,1440,1440,1440,1440,1440,1440,1440,1440,1440,1440,1440,1440,1440,1440,1440,1440,1440,1440,1440,1440,1440,1440,1440
1440,1440,1440,1440,1440,1440,1440,1440,1440,1440,1440,1440,1440,1440,1440,1440,1440,1440,1440,1440,1440,1440,1440,1440,1440,1440,1440,1440,1440,1440,1440,1440,1440,1440,1440,1440,1440,1440,1440
1440,1440,1440,1440,1440,1440,1440,1440,1440,1440,1440,1440,1440,1440,1440,1440,1440,1440,1440,1440,1440,1440,1440,1440,1440,1440,1440,1440,1440,1440,1440,1440,1440,1440,1440,1440,1440,1440,1440
1440,1440,1440,1440,1440,1440,1440,1440,1440,1440,1440,1440,1440,1440,1440,1440,1440,1440,1440,1440,1440,1440,1440,1440,1440,1440,1440,1440,1440,1440,1440,1440,1440,1440,1440,1440,1440,1440,1440
1440,1440,1440,1440,1440,1440,1440,1440,1440,1440,1440,1440,1440,1440,1440,1440,1440,1440,1440,1440,1440,1440,1440,1440,1440,1440,1440,1440,1440,1440,1440,1440,1440,1440,1440,1440,1440,1440,1440
1440,1440,1440,1440,1440,1440,1440,1440,1440,1440,1440,1440,1440,1440,1440,1440,1440,1440,1440,1440,1440,1440,1440,1440,1440,1440,1440,1440,1440,1440,1440,1440,1440,1440,1440,1440,1440,1440,1440
layer 1
-1,-1,-1,-1,-1,-1,-1,-1,-1,-1,-1,-1,-1,-1,-1,-1,-1,-1,-1,-1,-1,-1,-1,-1,-1,-1,-1,-1,-1,-1,-1,-1,-1,-1,-1,-1,-1,-1,-1
-1,-1,-1,-1,-1,-1,-1,-1,-1,-1,-1,-1,-1,-1,-1,-1,-1,-1,-1,-1,-1,-1,-1,-1,-1,-1,-1,-1,-1,-1,-1,-1,-1,-1,-1,-1,-1,-1,-1
-1,-1,-1,-1,-1,-1,-1,-1,-1,-1,-1,-1,-1,-1,-1,-1,-1,-1,-1,-1,-1,-1,-1,-1,-1,-1,-1,-1,-1,-1,-1,-1,-1,-1,-1,-1,-1,-1,-1
-1,-1,-1,-1,-1,-1,-1,-1,-1,-1,-1,-1,-1,-1,-1,-1,-1,-1,-1,-1,-1,-1,-1,-1,-1,-1,-1,-1,-1,-1,-1,-1,-1,-1,-1,-1,-1,-1,-1
-1,-1,-1,-1,-1,-1,-1,-1,-1,-1,-1,-1,-1,-1,-1,-1,-1,-1,-1,-1,-1,-1,-1,-1,-1,-1,-1,-1,-1,-1,-1,-1,-1,-1,-1,-1,-1,-1,1610
-1,-1,-1,-1,-1,-1,-1,-1,-1,-1,-1,-1,-1,-1,-1,-1,-1,-1,-1,-1,-1,-1,-1,-1,-1,-1,-1,-1,-1,-1,-1,-1,-1,-1,-1,-1,-1,-1,-1
-1,-1,-1,-1,-1,-1,-1,-1,-1,-1,-1,-1,-1,-1,-1,-1,-1,-1,-1,-1,-1,-1,-1,-1,-1,-1,-1,-1,-1,-1,-1,-1,-1,-1,-1,-1,-1,-1,-1
-1,-1,-1,-1,-1,-1,-1,-1,-1,-1,-1,-1,-1,-1,-1,-1,-1,-1,-1,-1,-1,-1,-1,-1,-1,-1,-1,-1,-1,-1,-1,-1,-1,-1,-1,-1,-1,-1,1601
-1,-1,-1,-1,-1,-1,-1,-1,-1,-1,-1,-1,-1,-1,-1,-1,-1,-1,-1,-1,-1,-1,-1,-1,-1,-1,-1,-1,-1,-1,-1,-1,-1,-1,-1,-1,-1,-1,1641
-1,-1,-1,1720,1721,1722,-1,-1,-1,-1,-1,-1,-1,-1,-1,-1,-1,-1,-1,-1,1646,1567,1567,1567,1567,-1,-1,-1,-1,-1,-1,-1,-1,1647,1648,-1,-1,-1,-1
-1,1720,1721,1764,1723,1802,-1,-1,-1,-1,-1,-1,-1,-1,-1,-1,-1,-1,-1,-1,-1,-1,-1,-1,-1,-1,-1,-1,-1,-1,-1,-1,-1,1687,1688,-1,-1,-1,-1
-1,1760,1761,1761,1762,-1,1647,1648,-1,-1,-1,-1,-1,-1,-1,-1,-1,-1,-1,-1,-1,1448,2442,2443,1448,-1,-1,-1,-1,1720,1721,1721,1722,-1,1567,-1,-1,-1,-1
-1,1760,1761,1761,1762,1567,1687,1688,-1,-1,-1,-1,-1,-1,-1,-1,-1,-1,-1,-1,-1,1488,2482,2483,1488,-1,-1,-1,-1,1760,1761,1761,1762,-1,-1,-1,-1,-1,-1
-1,1800,1724,1761,1762,1567,-1,-1,-1,-1,-1,-1,-1,-1,-1,-1,-1,-1,-1,-1,-1,1528,2522,2523,1528,-1,-1,-1,-1,1800,1724,1761,1762,-1,-1,-1,-1,-1,-1
-1,1720,1764,1761,1762,1567,-1,-1,-1,-1,-1,-1,-1,-1,-1,-1,-1,-1,1567,1567,-1,-1,-1,-1,-1,-1,-1,-1,-1,1720,1764,1723,1802,-1,-1,-1,-1,-1,-1
-1,1800,1801,1724,1763,1721,1722,-1,-1,-1,-1,-1,-1,-1,-1,-1,-1,-1,1567,-1,-1,-1,-1,-1,-1,-1,-1,1720,1721,1764,1723,1802,-1,-1,-1,-1,-1,-1,-1
-1,-1,-1,1800,1724,1723,1802,-1,-1,-1,1440,1440,-1,-1,-1,-1,-1,-1,1567,1567,-1,-1,-1,-1,-1,1720,1721,1764,1761,1723,1802,-1,-1,1567,1567,-1,-1,-1,-1
-1,-1,-1,-1,1800,1802,-1,1567,1567,1567,1567,-1,-1,-1,-1,-1,-1,-1,-1,-1,-1,-1,-1,-1,-1,1800,1724,1761,1723,1802,-1,-1,-1,-1,1567,-1,-1,-1,-1
-1,-1,-1,-1,-1,-1,-1,-1,-1,-1,-1,-1,-1,-1,-1,-1,-1,-1,-1,-1,-1,-1,-1,-1,-1,-1,1760,1761,1762,1720,1721,1722,-1,1567,-1,-1,-1,-1,-1
-1,-1,-1,-1,-1,-1,-1,-1,-1,-1,1720,1721,1722,-1,1720,1721,1721,1721,1722,-1,-1,-1,-1,-1,-1,-1,1760,1761,1762,1760,1761,1762,-1,-1,-1,-1,-1,-1,-1
-1,-1,-1,-1,-1,-1,-1,-1,-1,-1,1760,1761,1762,-1,1760,1761,1761,1761,1762,-1,-1,-1,-1,-1,-1,1567,1760,1761,1763,1764,1761,1762,1567,-1,-1,-1,-1,-1,-1
-1,-1,-1,-1,-1,-1,-1,-1,-1,-1,1760,1761,1763,1721,1764,1761,1761,1761,1762,-1,-1,-1,-1,-1,-1,1567,1800,1801,1724,1761,1761,1762,1567,-1,-1,-1,-1,-1,-1
-1,-1,-1,-1,-1,-1,1567,1567,-1,-1,1800,1724,1761,1761,1761,1761,1761,1761,1763,1722,-1,-1,-1,-1,-1,1567,-1,-1,1800,1801,1801,1802,-1,-1,1567,1567,-1,-1,-1
-1,-1,1567,1567,1567,1440,1440,1567,1567,1567,-1,1760,1761,1761,1761,1761,1761,1761,1761,1762,-1,-1,-1,-1,-1,1567,-1,-1,-1,-1,1567,-1,-1,-1,-1,-1,-1,-1,-1
-1,-1,1440,1440,1440,1440,-1,-1,-1,-1,-1,1800,1801,1801,1801,1801,1801,1801,1801,1802,1567,1567,1567,1567,1567,-1,-1,-1,-1,-1,-1,-1,-1,-1,-1,-1,-1,-1,-1
-1,-1,1440,1440,1440,-1,-1,-1,-1,-1,-1,-1,-1,-1,-1,-1,-1,-1,-1,-1,-1,-1,-1,-1,-1,-1,-1,-1,-1,-1,-1,-1,-1,-1,-1,-1,-1,-1,-1
-1,-1,1440,1440,1480,-1,-1,-1,-1,-1,-1,-1,-1,-1,-1,-1,-1,-1,-1,-1,-1,-1,-1,-1,-1,-1,-1,-1,-1,-1,-1,-1,-1,-1,-1,-1,-1,-1,-1
layer 2
732,732,732,732,732,732,732,732,732,732,732,732,732,732,732,732,732,732,732,732,732,732,732,732,732,732,732,732,732,732,732,732,732,732,732,732,732,732,732
732,732,732,732,732,732,732,732,732,732,732,732,732,732,732,732,732,732,732,732,732,732,732,732,856,856,856,856,856,732,732,732,732,732,732,732,732,732,732
-1,-1,1566,-1,-1,-1,-1,732,732,732,732,732,732,732,732,732,856,856,856,856,856,856,856,856,732,732,732,732,732,732,732,732,732,732,732,732,732,732,732
-1,-1,-1,-1,-1,-1,-1,1561,-1,-1,-1,-1,732,732,732,732,856,856,732,732,732,732,732,732,732,732,732,732,732,732,732,732,732,732,732,732,732,732,732
724,-1,-1,-1,-1,-1,-1,1601,-1,-1,1565,-1,1561,732,732,732,732,856,856,856,856,856,856,856,856,856,856,732,732,732,732,732,732,732,732,732,732,732,732
724,1647,1648,-1,-1,-1,-1,1641,-1,-1,-1,-1,1601,1561,732,732,732,732,732,732,732,732,732,732,732,732,732,732,732,-1,-1,1565,-1,-1,-1,-1,-1,-1,732
724,1687,1688,-1,-1,-1,-1,-1,-1,-1,-1,-1,1641,1601,1561,732,732,732,732,732,732,732,732,732,732,732,732,732,1563,-1,-1,-1,1566,-1,-1,-1,1565,-1,1561
724,-1,-1,-1,1685,-1,-1,1605,-1,-1,-1,-1,-1,1641,1601,1561,732,732,732,732,732,732,732,732,732,732,732,1563,1603,-1,-1,-1,-1,-1,-1,-1,-1,-1,1601
724,-1,-1,-1,-1,-1,-1,-1,-1,-1,-1,-1,-1,-1,1641,1601,1561,-1,732,732,732,732,732,732,732,732,732,1603,1643,-1,-1,-1,-1,-1,-1,-1,-1,-1,724
724,-1,-1,-1,-1,-1,-1,-1,-1,-1,1645,-1,-1,-1,-1,1641,1601,1566,1561,-1,732,732,732,732,732,732,1563,1643,-1,-1,1606,-1,-1,-1,-1,-1,-1,-1,724
724,-1,-1,-1,-1,-1,-1,-1,-1,-1,-1,-1,-1,-1,-1,-1,1641,-1,1601,-1,1561,-1,1650,1650,1565,1563,1603,-1,-1,-1,-1,-1,-1,-1,-1,-1,-1,-1,724
724,-1,1765,-1,-1,-1,-1,-1,-1,-1,-1,-1,-1,-1,-1,-1,-1,-1,1641,-1,1601,-1,-1,-1,-1,1603,1643,-1,-1,-1,-1,-1,-1,-1,-1,-1,-1,-1,724
724,-1,-1,-1,-1,-1,-1,-1,-1,-1,1645,-1,-1,-1,-1,-1,-1,-1,-1,-1,1641,-1,-1,-1,-1,1643,-1,-1,-1,-1,1810,-1,-1,-1,-1,-1,-1,-1,724
724,-1,-1,-1,-1,-1,-1,-1,-1,-1,-1,-1,-1,-1,-1,1606,-1,-1,-1,-1,-1,-1,-1,-1,-1,-1,-1,-1,-1,-1,-1,1765,-1,-1,-1,-1,-1,1606,724
724,-1,-1,1810,-1,-1,-1,-1,-1,-1,-1,-1,-1,-1,-1,-1,-1,-1,-1,-1,-1,-1,-1,-1,-1,-1,-1,-1,-1,-1,-1,-1,-1,-1,-1,-1,-1,-1,724
724,-1,-1,-1,-1,-1,-1,-1,-1,-1,-1,-1,-1,-1,-1,-1,-1,-1,-1,-1,-1,-1,-1,-1,-1,-1,-1,-1,-1,-1,-1,-1,-1,-1,-1,1685,-1,-1,724
724,-1,-1,-1,-1,-1,-1,-1,-1,-1,-1,-1,-1,-1,1685,-1,-1,-1,-1,-1,-1,-1,1685,-1,-1,-1,-1,-1,-1,-1,-1,-1,-1,-1,-1,-1,-1,-1,724
724,-1,-1,-1,-1,-1,-1,-1,-1,-1,-1,-1,-1,-1,-1,-1,-1,-1,-1,-1,-1,-1,-1,-1,-1,-1,-1,1807,-1,-1,-1,-1,-1,-1,-1,-1,-1,-1,724
724,-1,1647,1648,-1,-1,-1,-1,-1,-1,-1,-1,-1,-1,-1,-1,-1,-1,-1,-1,-1,-1,-1,-1,-1,-1,-1,-1,-1,-1,-1,-1,-1,-1,-1,-1,-1,-1,724
724,-1,1687,1688,-1,-1,-1,-1,-1,-1,-1,-1,-1,-1,-1,-1,-1,-1,-1,-1,-1,1645,-1,-1,-1,-1,-1,-1,-1,-1,-1,-1,1606,-1,-1,-1,1685,-1,724
724,-1,-1,-1,-1,1685,-1,-1,-1,-1,-1,1807,-1,-1,-1,-1,-1,-1,-1,-1,-1,-1,-1,-1,-1,-1,-1,-1,-1,-1,1810,-1,-1,-1,-1,-1,-1,-1,724
724,-1,-1,-1,-1,-1,-1,-1,-1,-1,-1,-1,-1,-1,-1,1729,1730,-1,-1,-1,-1,-1,-1,-1,-1,-1,-1,-1,-1,1725,-1,-1,-1,-1,-1,1647,1648,-1,724
724,-1,-1,-1,-1,-1,-1,-1,-1,-1,-1,-1,-1,1725,-1,1769,1770,-1,-1,-1,-1,-1,-1,-1,-1,-1,-1,-1,-1,-1,-1,-1,-1,-1,-1,1687,1688,-1,724
724,-1,-1,-1,-1,-1,-1,-1,1605,-1,-1,-1,-1,-1,-1,-1,-1,-1,1809,-1,-1,-1,-1,-1,-1,-1,-1,-1,-1,-1,-1,-1,-1,-1,-1,-1,-1,-1,724
724,-1,-1,-1,-1,-1,-1,-1,-1,-1,-1,-1,-1,-1,-1,-1,-1,-1,-1,-1,-1,-1,-1,-1,-1,-1,-1,-1,-1,-1,-1,-1,-1,-1,1645,-1,-1,-1,724
724,-1,-1,-1,-1,-1,-1,-1,-1,-1,-1,-1,-1,-1,-1,-1,-1,-1,-1,-1,-1,-1,-1,-1,-1,-1,-1,-1,-1,-1,-1,-1,-1,-1,-1,-1,-1,-1,724
722,761,761,1680,-1,1680,760,684,684,684,684,684,684,684,684,684,684,684,684,684,684,684,684,684,684,684,684,684,684,684,684,684,684,684,684,684,684,684,723
layer 3
-1,-1,-1,-1,-1,-1,-1,-1,-1,-1,-1,-1,-1,-1,-1,-1,-1,-1,-1,-1,-1,-1,-1,-1,-1,-1,-1,-1,-1,-1,-1,-1,-1,-1,-1,-1,-1,-1,-1
-1,-1,-1,-1,-1,-1,-1,-1,-1,-1,-1,-1,-1,-1,-1,-1,-1,-1,-1,-1,-1,-1,-1,-1,-1,-1,-1,-1,-1,-1,-1,-1,-1,-1,-1,-1,-1,-1,-1
-1,-1,-1,-1,-1,-1,-1,-1,-1,-1,-1,-1,-1,-1,-1,-1,-1,-1,-1,-1,-1,-1,-1,-1,-1,-1,-1,-1,-1,-1,-1,-1,-1,-1,-1,-1,-1,-1,-1
-1,-1,-1,-1,-1,-1,-1,-1,-1,-1,-1,-1,-1,-1,-1,-1,-1,-1,-1,-1,-1,-1,-1,-1,-1,-1,-1,-1,-1,-1,-1,-1,-1,-1,-1,-1,-1,-1,-1
-1,-1,-1,-1,-1,-1,-1,-1,-1,-1,-1,-1,-1,-1,-1,-1,-1,-1,-1,-1,-1,-1,-1,-1,-1,-1,-1,-1,-1,-1,-1,-1,-1,-1,-1,-1,-1,-1,-1
-1,-1,-1,-1,-1,-1,-1,-1,-1,-1,-1,-1,-1,-1,-1,-1,-1,-1,-1,-1,-1,-1,-1,-1,-1,-1,-1,-1,-1,-1,-1,-1,-1,-1,-1,-1,-1,-1,-1
-1,-1,-1,-1,-1,-1,-1,-1,-1,-1,-1,-1,-1,-1,-1,-1,-1,-1,-1,-1,-1,-1,-1,-1,-1,-1,-1,-1,-1,-1,-1,-1,-1,-1,-1,-1,-1,-1,-1
-1,-1,-1,-1,-1,-1,-1,-1,-1,-1,-1,-1,-1,-1,-1,-1,-1,-1,-1,-1,-1,-1,-1,-1,-1,-1,-1,-1,-1,-1,-1,-1,-1,-1,-1,-1,-1,-1,-1
-1,-1,-1,-1,-1,-1,-1,-1,-1,-1,-1,-1,-1,-1,-1,-1,-1,-1,-1,-1,-1,-1,-1,-1,-1,-1,-1,-1,-1,-1,-1,-1,-1,-1,-1,-1,-1,-1,-1
-1,-1,-1,-1,-1,-1,-1,-1,-1,-1,-1,-1,-1,-1,-1,-1,-1,-1,-1,-1,-1,-1,-1,-1,-1,-1,-1,-1,-1,-1,-1,-1,-1,-1,-1,-1,-1,-1,-1
-1,-1,-1,-1,-1,-1,-1,-1,-1,-1,-1,-1,-1,-1,-1,-1,-1,-1,-1,-1,-1,-1,-1,-1,-1,-1,-1,-1,-1,-1,-1,-1,-1,-1,-1,-1,-1,-1,-1
-1,-1,-1,-1,-1,-1,-1,-1,-1,-1,-1,-1,-1,-1,-1,-1,-1,-1,-1,-1,-1,-1,-1,-1,-1,-1,-1,-1,-1,-1,-1,-1,-1,-1,-1,-1,-1,-1,-1
-1,-1,-1,-1,-1,-1,-1,-1,-1,-1,-1,-1,-1,-1,-1,-1,-1,-1,-1,-1,-1,-1,-1,-1,-1,-1,-1,-1,-1,-1,-1,-1,-1,-1,-1,-1,-1,-1,-1
-1,-1,-1,-1,-1,-1,-1,-1,-1,-1,-1,-1,-1,-1,-1,-1,-1,-1,-1,-1,-1,-1,-1,-1,-1,-1,-1,-1,-1,-1,-1,-1,-1,-1,-1,-1,-1,-1,-1
-1,-1,-1,-1,-1,-1,-1,-1,-1,-1,-1,-1,-1,-1,-1,-1,-1,-1,-1,-1,-1,-1,-1,-1,-1,-1,-1,-1,-1,-1,-1,-1,-1,-1,-1,-1,-1,-1,-1
-1,-1,-1,-1,-1,-1,-1,-1,-1,-1,-1,-1,-1,-1,-1,-1,-1,-1,-1,-1,-1,-1,-1,-1,-1,-1,-1,-1,-1,-1,-1,-1,-1,-1,-1,-1,-1,-1,-1
-1,-1,-1,-1,-1,-1,-1,-1,-1,-1,-1,-1,-1,-1,-1,-1,-1,-1,-1,-1,-1,-1,-1,-1,-1,-1,-1,-1,-1,-1,-1,-1,-1,-1,-1,-1,-1,-1,-1
-1,-1,-1,-1,-1,-1,-1,-1,-1,-1,-1,-1,-1,-1,-1,-1,-1,-1,-1,-1,-1,-1,-1,-1,-1,-1,-1,-1,-1,-1,-1,-1,-1,-1,-1,-1,-1,-1,-1
-1,-1,-1,-1,-1,-1,-1,-1,-1,-1,-1,-1,-1,-1,-1,-1,-1,-1,-1,-1,-1,-1,-1,-1,-1,-1,-1,-1,-1,-1,-1,-1,-1,-1,-1,-1,-1,-1,-1
-1,-1,-1,-1,-1,-1,-1,-1,-1,-1,-1,-1,-1,-1,-1,-1,-1,-1,-1,-1,-1,-1,-1,-1,-1,-1,-1,-1,-1,-1,-1,-1,-1,-1,-1,-1,-1,-1,-1
-1,-1,-1,-1,-1,-1,-1,-1,-1,-1,-1,-1,-1,-1,-1,-1,-1,-1,-1,-1,-1,-1,-1,-1,-1,-1,-1,-1,-1,-1,-1,-1,-1,-1,-1,-1,-1,-1,-1
-1,-1,-1,-1,-1,-1,-1,-1,-1,-1,-1,-1,-1,-1,-1,-1,-1,-1,-1,-1,-1,-1,-1,-1,-1,-1,-1,-1,-1,-1,-1,-1,-1,-1,-1,-1,-1,-1,-1
-1,-1,-1,-1,-1,-1,-1,-1,-1,-1,-1,-1,-1,-1,-1,-1,-1,-1,-1,-1,-1,-1,-1,-1,-1,-1,-1,-1,-1,-1,-1,-1,-1,-1,-1,-1,-1,-1,-1
-1,-1,-1,-1,-1,-1,-1,-1,-1,-1,-1,-1,-1,-1,-1,-1,-1,-1,-1,-1,-1,-1,-1,-1,-1,-1,-1,-1,-1,-1,-1,-1,-1,-1,-1,-1,-1,-1,-1
-1,-1,-1,-1,-1,-1,-1,-1,-1,-1,-1,-1,-1,-1,-1,-1,-1,-1,-1,-1,-1,-1,-1,-1,-1,-1,-1,-1,-1,-1,-1,-1,-1,-1,-1,-1,-1,-1,-1
-1,-1,-1,1640,-1,1640,-1,-1,-1,-1,-1,-1,-1,-1,-1,-1,-1,-1,-1,-1,-1,-1,-1,-1,-1,-1,-1,-1,-1,-1,-1,-1,-1,-1,-1,-1,-1,-1,-1
-1,-1,-1,-1,-1,-1,-1,-1,-1,-1,-1,-1,-1,-1,-1,-1,-1,-1,-1,-1,-1,-1,-1,-1,-1,-1,-1,-1,-1,-1,-1,-1,-1,-1,-1,-1,-1,-1,-1
spawn chauve_souris 269 315 10 2
spawn chauve_souris 484 384 10 2
spawn chauve_souris 770 450 10 2
spawn chauve_souris 684 584 10 2
door 100 853 88 11 aventure 1423 713 - -
door 718 364 37 28 maison 320 378 - -
item crystal 96 640
item potion 416 256
