map maison
size 12 17
music maison
layer 0
1482,1482,1482,1482,1482,1482,1482,1482,1482,1482,1482,1482
1482,1960,1962,1962,1962,1962,1962,1962,1962,1962,1960,1482
1482,2000,2002,2002,2002,2002,2002,2002,2002,2002,2000,1482
1482,2040,2042,2042,2042,2042,2042,2042,2042,2042,2040,1482
1482,1840,1840,1840,1840,1840,1840,1840,1840,1840,1840,1482
1482,1840,1840,1840,1840,1840,1840,1840,1840,1840,1840,1482
1482,1840,1840,1840,1840,1840,1840,1840,1840,1840,1840,1482
1482,1840,1840,1840,1840,1840,1840,1840,1840,1840,1840,1482
1482,1840,1840,1840,1840,1840,1840,1840,1840,1840,1840,1482
1482,1840,1840,1840,1840,1840,1840,1840,1840,1840,1840,1482
1482,1840,1840,1840,1840,1840,1840,1840,1840,1840,1840,1482
1482,1840,1840,1840,1840,1840,1840,1840,1840,1840,1840,1482
1482,1840,1840,1840,1840,1840,1840,1840,1840,2440,2441,1482
1482,1840,1840,1840,1840,1840,1840,1840,1840,2480,2481,1482
1482,1840,1840,1840,1840,1840,1840,1840,1840,1840,1840,1482
1482,1482,1482,1482,1482,1840,1840,1482,1482,1482,1482,1482
1482,1482,1482,1482,1482,1482,1482,1482,1482,1482,1482,1482
layer 1
1482,1482,1482,1482,1482,1482,1482,1482,1482,1482,1482,1482
1482,-1,-1,-1,-1,-1,-1,-1,-1,-1,-1,1482
1482,2244,2130,2131,2132,2009,2010,-1,-1,-1,-1,1482
1482,2284,2170,2171,2172,2049,2050,-1,-1,-1,-1,1482
1482,-1,2210,2211,2212,-1,-1,-1,-1,-1,-1,1482
1482,-1,-1,-1,-1,-1,-1,-1,-1,-1,-1,1482
1482,-1,-1,-1,-1,-1,-1,-1,-1,-1,-1,1482
1482,-1,-1,-1,1893,2055,1895,-1,-1,-1,-1,1482
1482,-1,-1,-1,1933,1934,1935,-1,-1,-1,-1,1482
1482,-1,-1,-1,1973,1974,1975,-1,-1,-1,-1,1482
1482,-1,-1,-1,-1,-1,-1,-1,-1,-1,-1,1482
1482,-1,-1,-1,-1,-1,-1,-1,-1,-1,-1,1482
1482,-1,-1,-1,-1,-1,-1,-1,112,-1,-1,1482
1482,-1,-1,-1,-1,-1,-1,-1,113,-1,-1,1482
1482,-1,-1,-1,-1,-1,-1,-1,-1,-1,-1,1482
1482,1482,1482,1482,1482,-1,-1,1482,1482,1482,1482,1482
1482,1482,1482,1482,1482,1482,1482,1482,1482,1482,1482,1482
layer 2
-1,-1,-1,-1,-1,-1,-1,-1,-1,-1,-1,-1
-1,-1,-1,-1,-1,-1,-1,-1,-1,-1,2242,-1
-1,2244,-1,-1,-1,-1,-1,-1,-1,-1,2282,-1
-1,2284,-1,2094,-1,-1,-1,-1,-1,-1,1896,-1
-1,-1,-1,-1,-1,-1,-1,-1,-1,-1,1936,-1
-1,-1,-1,-1,-1,-1,-1,-1,-1,-1,1976,-1
-1,-1,-1,-1,-1,-1,-1,-1,-1,-1,-1,-1
-1,-1,-1,-1,1893,1894,1895,2018,-1,-1,-1,-1
-1,-1,-1,2056,1933,2017,-1,2058,-1,-1,-1,-1
-1,-1,-1,2096,1973,2057,-1,2098,-1,-1,-1,-1
-1,-1,-1,-1,-1,2097,-1,-1,-1,-1,-1,-1
-1,-1,-1,-1,-1,-1,-1,-1,-1,-1,-1,-1
-1,2366,-1,-1,-1,-1,-1,-1,-1,-1,-1,-1
-1,2406,-1,-1,-1,-1,-1,-1,-1,-1,-1,-1
-1,2446,-1,-1,-1,-1,-1,-1,-1,2291,2368,-1
-1,-1,-1,-1,-1,-1,-1,-1,-1,-1,-1,-1
-1,-1,-1,-1,-1,-1,-1,-1,-1,-1,-1,-1
layer 3
-1,-1,-1,-1,-1,-1,-1,-1,-1,-1,-1,-1
-1,-1,-1,-1,-1,-1,-1,-1,-1,-1,-1,-1
-1,-1,-1,-1,-1,-1,-1,2134,2135,2136,-1,-1
-1,-1,-1,-1,-1,-1,-1,2174,2175,2176,-1,-1
-1,-1,-1,-1,-1,-1,-1,-1,-1,-1,-1,-1
-1,-1,-1,-1,-1,-1,-1,-1,-1,-1,-1,-1
-1,-1,-1,-1,-1,2015,-1,-1,-1,-1,-1,-1
-1,-1,-1,2016,-1,-1,-1,-1,-1,-1,-1,-1
-1,-1,-1,-1,-1,-1,-1,-1,-1,-1,-1,-1
-1,-1,-1,-1,-1,-1,-1,-1,-1,-1,-1,-1
-1,-1,-1,-1,-1,-1,-1,-1,-1,-1,-1,-1
-1,2326,-1,-1,-1,-1,-1,-1,72,-1,-1,-1
-1,-1,-1,-1,-1,-1,-1,-1,-1,-1,-1,-1
-1,-1,-1,-1,-1,-1,-1,-1,-1,-1,2328,-1
-1,-1,-1,-1,-1,-1,-1,-1,-1,-1,2368,-1
-1,-1,-1,-1,-1,-1,-1,-1,-1,-1,-1,-1
-1,-1,-1,-1,-1,-1,-1,-1,-1,-1,-1,-1
spawn chat 100 320 10000 0
npc sage sage 224 128 droite has:crystal?sage_thanks;talked_sage?sage_wait;sage_intro
door 174 488 37 15 aventure 784 514 - -
door 294 421 46 13 grotte 736 433 talked_sage deny_cave_house
item potion 64 352
