# Proprietes des tuiles (ids du tileset d'origine)
collide 6 7 8 9 10 11 12 13 14 15 16 17 18 19 20 21
collide 22 23 24 32 33 34 35 36 40 41 42 43 45 46 47 48
collide 49 50 51 52 53 54 55 56 57 58 59 61 62 63 64 70
collide 71 73 74 75 76 80 81 82 83 84 85 86 87 88 89 90
collide 91 92 93 94 95 96 97 98 99 100 101 102 103 104 111 112
collide 113 114 115 116 123 124 125 126 127 128 129 130 131 132 133 134
collide 135 136 137 138 139 140 141 142 143 144 151 152 157 158 163 164
collide 165 166 167 169 170 171 172 173 174 175 176 177 178 179 180 181
collide 182 183 184 191 192 197 198 203 204 205 207 208 209 216 217 218
collide 219 220 221 222 223 224 226 227 228 229 230 231 232 235 236 237
collide 238 239 253 254 261 266 267 268 269 270 271 272 275 276 277 278
collide 279 283 293 294 306 307 308 309 310 315 316 317 318 319 333 334
collide 351 352 353 355 356 357 358 371 372 373 374 377 378 379 382 383
collide 384 385 386 387 388 389 390 395 396 397 409 410 411 412 413 417
collide 418 419 422 423 424 425 426 427 428 429 430 449 450 451 452 453
collide 458 459 460 462 463 464 465 466 467 468 469 470 476 484 485 486
collide 489 490 491 492 493 516 521 522 523 524 525 526 532 533 534 560
collide 561 562 563 564 565 566 572 573 574 600 601 602 603 608 609 611
collide 612 640 641 642 643 644 647 651 652 680 682 683 684 685 686 687
collide 720 722 723 724 725 726 727 729 730 760 761 763 764 765 766 767
collide 768 769 770 803 804 805 806 807 809 810 815 816 817 821 822 824
collide 826 827 828 829 840 841 842 844 845 846 847 855 856 857 861 862
collide 863 864 865 866 867 868 869 880 881 882 895 896 897 898 920 921
collide 922 938 960 961 962 978 982 1000 1001 1002 1018 1022 1040 1041 1042 1058
collide 1059 1060 1061 1062 1080 1081 1082 1098 1099 1100 1101 1102 1248 1249 1283 1288
collide 1289 1328 1329 1446 1447 1448 1449 1482 1486 1487 1488 1489 1526 1527 1528 1529
collide 1561 1562 1563 1601 1602 1603 1605 1606 1640 1641 1642 1643 1645 1647 1648 1652
collide 1680 1687 1688 1720 1721 1722 1723 1724 1725 1726 1727 1728 1760 1761 1762 1763
collide 1764 1765 1766 1767 1768 1782 1800 1801 1802 1803 1804 1890 1891 1892 1893 1894
collide 1895 1896 1930 1931 1932 1933 1934 1935 1936 1960 1961 1962 1963 1970 1971 1972
collide 1973 1974 1975 1976 2000 2001 2002 2003 2040 2041 2042 2043 2055 2056 2057 2058
collide 2095 2096 2097 2098 2170 2171 2172 2210 2211 2212 2290 2291 2326 2327 2329 2366
collide 2367 2368 2406 2407 2446 2447 2562 3744
anim 16 18
anim 17 19
anim 18 20
anim 19 21
anim 20 96
anim 21 97
anim 40 41
anim 41 42
anim 42 43
anim 43 40
anim 56 58
anim 57 59
anim 58 60
anim 59 61
anim 60 136
anim 61 137
anim 80 81
anim 81 82
anim 82 83
anim 83 80
anim 96 98
anim 97 99
anim 98 100
anim 99 101
anim 100 16
anim 101 17
anim 123 124
anim 124 125
anim 125 123
anim 136 138
anim 137 169
anim 138 140
anim 139 141
anim 140 56
anim 141 57
anim 163 164
anim 164 165
anim 165 123
anim 258 259
anim 259 260
anim 260 258
anim 298 299
anim 299 300
anim 300 298
anim 338 339
anim 339 340
anim 340 338
anim 377 417
anim 378 418
anim 379 419
anim 382 385
anim 383 386
anim 384 387
anim 385 388
anim 386 389
anim 387 390
anim 388 382
anim 389 383
anim 390 384
anim 417 458
anim 418 459
anim 419 460
anim 422 425
anim 423 426
anim 424 427
anim 425 428
anim 426 429
anim 427 430
anim 428 422
anim 429 423
anim 430 424
anim 458 377
anim 459 378
anim 460 379
anim 462 465
anim 463 466
anim 464 467
anim 465 468
anim 466 469
anim 467 470
anim 468 462
anim 469 463
anim 470 464
anim 1163 1165
anim 1164 1166
anim 1165 1167
anim 1166 1168
anim 1167 1169
anim 1168 1170
anim 1169 1171
anim 1170 1172
anim 1171 1163
anim 1172 1164
anim 1203 1205
anim 1204 1206
anim 1205 1207
anim 1206 1208
anim 1207 1209
anim 1208 1210
anim 1209 1211
anim 1210 1212
anim 1211 1203
anim 1212 1204
anim 1725 1726
anim 1726 1727
anim 1727 1728
anim 1728 1768
anim 1765 1725
anim 1766 1765
anim 1767 1766
anim 1768 1767
